2
3
4
7
18
19
33
40
55
67
73
79
87
91
92
94
100
101
109
114
115
121
122
129
130
135
138
139
149
151
154
159
161
162
181
189
191
196
197
198
201
202
205
209
210
217
222
225
232
244
250
254
259
263
268
273
278
285
291
298
306
308
311
317
320
321
325
326
329
335
338
341
344
345
349
350
352
364
366
367
377
378
385
386
402
403
404
415
422
423
434
438
444
445
456
459
460
471
472
483
484
485
490
491
499
505
516
518
523
526
537
538
554
559
566
579
580
583
593
594
596
599
602
604
613
620
622
624
627
634
635
641
648
649
655
661
662
672
679
680
685
692
693
699
702
709
714
716
722
723
735
761
762
764
767
776
777
781
784
793
800
813
815
816
820
823
832
841
849
854
857
868
869
872
873
880
883
884
897
900
909
914
